20418
55656
3088
27699
6668
35690
57237
2420
37461
58967
25273
38574
4861
62191
55913
47339
59491
22647
41540
21157
9801
7232
14519
28181
60114
32678
34793
6784
37340
46775
27570
40096
32072
65168
63210
39369
23283
57838
16026
38102
50262
57534
59255
2538
55268
56445
31848
13472
62928
35830
52038
31162
8939
15538
29348
5109
6485
33874
12164
61867
45461
28632
51071
14488
54327
46795
2776
7296
26030
31972
62621
14148
51535
547
30087
23268
28089
3980
47943
35499
59995
619
33024
61019
13410
41258
4572
53988
22015
46980
33638
13900
28534
11512
23991
41529
653
31584
29388
53294
6202
15720
18420
30302
33558
57577
56133
51731
47172
18636
7857
32658
43392
32967
37375
64787
65323
17270
32716
57642
42387
28019
34562
4962
1703
1540
64818
10632
34371
1096
65100
46087
1018
42651
34354
55692
44966
5512
2155
52353
26309
11295
42113
62949
60756
59782
18884
63181
36501
4811
1751
50918
17968
32101
65321
34979
20944
61860
26185
7622
39880
28189
46457
61150
35278
12461
36560
45150
27859
27839
22873
38482
47429
10213
13995
24284
51072
49950
6995
51604
43866
12125
23418
33011
38289
25695
9180
39295
39670
8454
3909
43660
61819
16656
14874
7270
2865
36088
64219
45553
8457
6856
20319
3648
64247
26959
24104
9210
10039
57206
22712
8789
34619
22253
632
48328
40001
43228
65295
9504
24657
44212
26057
60913
40997
55513
30119
25461
45137
23307
24985
62796
18693
28553
13832
43556
12688
25011
45790
35250
58421
42068
30616
38816
15767
604
5126
44375
48604
65400
63604
59242
36390
4709
3384
51114
59506
44456
5200
54598
17191
52926
14902
49865
43662
35780
13666
46194
33183
23775
34954
35589
52918
29905
25267
23915
43275
46143
56306
63735
3650
45226
3658
8963
44455
975
39461
57644
13678
65051
19722
38332
40853
51013
55916
48753
27694
38733
20812
31422
51178
43109
22700
11813
17523
48072
22645
469
3588
63600
54989
16444
52184
49007
15136
29774
35012
1656
19127
28369
58362
23082
30360
19617
14462
55108
4657
60256
37359
63544
54715
58685
59333
52212
26990
53785
51862
5965
54907
45798
6752
38045
35865
48611
32442
20734
34981
19826
49932
25738
15382
10741
20298
36639
59798
24556
12768
48603
58458
2088
24339
2830
45063
63305
20080
21158
12690
62814
11450
9500
4640
36177
47620
27103
50543
32684
15613
54653
20334
39771
59268
61093
40150
1053
41567
29826
44929
30462
36845
53438
56398
50225
7373
56317
13623
47328
11115
42324
63831
62855
41187
28681
32261
29753
16502
34632
41641
47168
37859
29104
9154
5051
27521
3758
23648
4884
61054
6675
32448
50922
64295
55107
32935
19997
50685
24842
54597
2343
56791
30181
14441
18401
28791
65142
56478
61936
26490
60791
2830
43539
38425
10667
61283
44043
9861
43941
55129
13841
1709
54963
33715
42929
39289
54901
25314
47914
6123
46406
15213
55790
5836
15268
12484
43798
42555
451
24503
41401
41641
33577
64379
43843
36590
19591
47194
47505
48915
24179
274
62425
41003
47196
30393
62090
31825
20009
19465
51090
34814
54525
23413
21550
12465
16527
18085
53708
16711
9921
21764
41612
18444
47822
12687
49790
55951
41230
38078
14940
35983
30655
35308
4573
14316
54546
32570
43295
9146
26380
1624
28653
40566
23270
60409
26000
15260
49067
38255
1611
27910
1826
57253
37590
3511
26900
46033
23778
25408
54131
19326
51020
28181
22208
33479
25697
15632
64723
25524
26065
38518
37302
17387
58262
13865
48732
52657
14059
16038
37971
16790
18201
15919
15341
16053
38205
23649
19586
46814
40159
17303
41987
8753
44818
5716
37131
64871
22426
97
19594
34495
5370
36633
5821
8810
20491
8507
37513
57279
3015
11849
64142
1932
23714
29885
37103
8401
56928
63232
50692
24462
49687
3509
22228
22486
47662
19558
27501
10724
45522
59593
8706
12577
30510
15904
6087
52140
1358
45785
18076
49399
2785
6071
57438
34726
26585
49895
55597
33956
19354
30560
17020
57893
10823
14207
58490
52392
6135
41390
9138
28942
3722
27855
61656
43211
60545
8464
33178
45928
29514
44528
59129
65066
28586
313
18451
53003
27093
6433
58455
42607
33476
8131
54618
32375
27422
11228
27573
22240
62619
7341
35715
3035
37532
20751
30827
38129
2241
28298
28467
61915
32817
6381
24429
11630
42186
65409
15263
40347
17529
30481
5433
31380
6903
33139
33832
55572
1323
33002
25641
17542
14366
22752
29740
38863
22876
43958
56016
12038
28866
38762
32208
15221
47074
30320
48732
30316
51108
12
53474
59609
46100
49542
6444
13600
20046
30819
49954
12661
12212
54075
4619
35379
61024
39833
27514
10344
6843
11513
5314
49363
32920
23775
37386
62846
54343
58122
63737
1957
5333
51320
48900
7127
49666
7547
16523
24149
46247
64452
41664
62752
15778
50703
47829
7908
55325
24024
18818
21893
35432
11410
22168
61303
15067
64388
36321
59334
7867
38905
45171
63679
48568
43741
1217
37916
12365
20489
63524
62517
34664
17314
11855
12246
7002
43149
6906
1212
42224
52005
3963
50898
61427
64570
48689
21367
237
60285
30675
2891
10858
21211
30761
6608
42728
28458
8125
56213
24148
41829
58277
6409
60988
50046
31617
22717
26022
16380
40081
32468
22098
46444
38797
48179
30702
65311
61932
56773
37943
46477
37609
62948
26546
8815
7388
12197
36801
61820
21719
8054
9830
53463
6424
52975
54490
31205
60157
64649
39314
14081
53009
62464
19362
32212
38305
4908
48658
1636
7317
35274
57452
23859
59341
25325
4232
6221
27873
7437
8928
62845
35193
25645
13419
28599
64843
16479
51653
5390
6644
50342
56658
45524
40953
65181
30497
29339
26934
18764
4189
29333
51802
56436
3789
57282
48859
22765
60886
24478
338
31012
28588
44727
11756
63044
21888
26983
16712
5564
26124
27761
1201
23394
57889
34685
54411
10586
15351
8688
16435
64405
60212
39461
9918
45114
25195
18559
35633
27715
30175
14551
34882
4766
19664
32243
47271
38994
16541
62026
32965
22487
48656
53090
55850
44311
24357
40973
17527
55553
30003
8654
2742
25322
11913
62695
7048
52779
23910
55733
50884
40655
50085
23155
4077
57357
9152
25490
12966
60895
22582
34753
407
24445
23363
43180
149
1622
42318
63450
21905
58175
9682
52433
49131
19829
35835
35976
53428
54260
44850
51924
16239
23709
59202
